0 11458055.1199312 1000000
34010.2019230769 11458055.1199312 1000000
70083.3269230769 11458055.1199312 1000000
108342.701923077 11458055.1199312 1000000
148922.865384615 24633154.795088 1000000
191969.567307692 24633154.795088 1000000
237622.951923077 19093391.6426161 1000000
286051.192307692 19093391.6426161 1000000
337411.25 22823052.0268843 1000000
391893.721153846 22823052.0268843 1000000
449677.990384615 416745.177374703 1000000
510965.865384615 416745.177374703 1000000
575975.971153846 7328.06087874963 1000000
644926.932692308 7328.06087874963 1000000
718059.798076923 381.400705951143 1000000
795632.432692308 381.400705951143 1000000
877913.913461538 51.7408279440154 1000000
965184.528846154 51.7408279440154 1000000
1057746.99038462 14.157045533858 1000000
1155932.03846154 14.157045533858 1000000
1260064.80769231 6.31476917508167 1000000
1370520.88461538 6.31476917508167 1000000
1487675.85576923 3.91776173151173 1000000
1611938.94230769 3.91776173151173 1000000
1743741.78846154 3.00323134466884 1000000
1883544.06730769 3.00323134466884 1000000
2031822.26923077 2.61785094297594 1000000
2189097.73076923 2.61785094297594 1000000
2355914.21153846 2.4541797965548 1000000
2532854.71153846 2.4541797965548 1000000
2720524.65384615 2.39672607291357 1000000
2919585.51923077 2.39672607291357 1000000
3130721.21153846 2.40094663275913 1000000
3354660.48076923 2.40094663275913 1000000
3592193.74038462 2.44638799376299 1000000
3844133.82692308 2.44638799376299 1000000
4111360.84615385 2.51584325809326 1000000
4394794.14423077 2.51584325809326 1000000
4695425.94230769 2.59245183026433 1000000
5014298.91346154 2.59245183026433 1000000
5352517.39423077 2.66765354915355 1000000
5711252.99038462 2.66765354915355 1000000
6091750.18269231 2.73997662978913 1000000
6495337.53846154 2.73997662978913 1000000
6923405.28846154 2.8077112043362 1000000
7377444.56730769 2.8077112043362 1000000
7859024.99038462 2.87226412607663 1000000
8369828.28846154 2.87226412607663 1000000
8911620.27884615 2.94090774428274 1000000
9486278.89423077 2.94090774428274 1000000
10095799.7884615 3.01388014181764 1000000
10742301.9423077 3.01388014181764 1000000
11428027.6634615 3.08147403103653 1000000
12155353.7980769 3.08147403103653 1000000
12926802.9423077 3.17547347416097 1000000
13745054.6538462 3.17547347416097 1000000
14612951.0576923 3.17547347416097 1000000
15533496.8461538 3.17547347416097 1000000
0 3897118.86214978 100000
17291.6284615385 3897118.86214978 100000
35831.0569230769 3897118.86214978 100000
55704.6715384615 3897118.86214978 100000
77010.8565384615 5746.62740808658 100000
99852.7953846154 5746.62740808658 100000
124340.870384615 552.890567641075 100000
150595.062307692 552.890567641075 100000
178737.751538461 120.878748852836 100000
208910.515384615 120.878748852836 100000
241257.330769231 34.3858352843778 100000
275936.572307692 34.3858352843778 100000
313113.813461538 14.2825663587764 100000
352969.025384615 14.2825663587764 100000
395696.576923077 8.02461032373032 100000
441505.234615384 8.02461032373032 100000
490613.363461538 5.42326511063261 100000
543258.525384615 5.42326511063261 100000
599699.878846154 4.05137534749035 100000
660208.580384615 4.05137534749035 100000
725077.383076923 3.27579463988714 100000
794620.636538461 3.27579463988714 100000
869174.286923077 2.82505144193644 100000
949103.075769231 2.82505144193644 100000
1034788.54192308 2.5400670040095 100000
1126650.61807692 2.5400670040095 100000
1225133.23307692 2.33533534006534 100000
1330711.51076923 2.33533534006534 100000
1443898.96884615 2.17992086798337 100000
1565242.71961538 2.17992086798337 100000
1695328.26923077 2.06975628601129 100000
1834791.51576923 2.06975628601129 100000
1984304.35153846 2.00258558509058 100000
2144589.06076923 2.00258558509058 100000
2316427.91807692 1.97890443866944 100000
2500646.39115385 1.97890443866944 100000
2698141.93615385 1.9977076024651 100000
2909869.6 1.9977076024651 100000
3136856.41807692 2.05077245619246 100000
3380196.615 2.05077245619246 100000
3641075.60076923 2.128324504752 100000
3920753.17346154 2.128324504752 100000
4220585.11576923 2.2278019965845 100000
4542023.195 2.2278019965845 100000
4886627.16115384 2.35349459162459 100000
5256062.34730769 2.35349459162459 100000
5652118.86653846 2.51134573878824 100000
6076718.81076923 2.51134573878824 100000
6531916.25076923 2.69641723344223 100000
7019914.03346154 2.69641723344223 100000
7543080.57923077 2.87654125853876 100000
8103947.48230769 2.87654125853876 100000
8705231.10730769 3.0175812006237 100000
9349844.58730769 3.0175812006237 100000
10040909.8219231 3.14351468369468 100000
10781776.6742308 3.14351468369468 100000
11576032.5692308 3.14351468369468 100000
12427524.0903846 3.14351468369468 100000
0 10670141.2984494 1050000
34871.9984615385 10670141.2984494 1050000
71850.4369230769 10670141.2984494 1050000
111056.840769231 10670141.2984494 1050000
152624.309230769 21088374.4250641 1050000
196691.728461538 21088374.4250641 1050000
243421.132307692 20903986.0448154 1050000
292968.767692308 20903986.0448154 1050000
345496.668461538 23559112.0963639 1050000
401190.016153846 23559112.0963639 1050000
460245.566153846 575392.711022005 1050000
522854.286923077 575392.711022005 1050000
589241.868461538 10495.4393866855 1050000
659622.426923077 10495.4393866855 1050000
734250.586923077 529.209188679834 1050000
813375.186153846 529.209188679834 1050000
897262.423076923 64.4645356103356 1050000
986213.217692308 64.4645356103356 1050000
1080522.70307692 15.9348177606178 1050000
1180509.16 15.9348177606178 1050000
1286531.37769231 6.68394084051084 1050000
1398936.57153846 6.68394084051084 1050000
1518118.25230769 3.9992553994654 1050000
1644475.71769231 3.9992553994654 1050000
1778454.56076923 3.00164795366795 1050000
1920506.16153846 3.00164795366795 1050000
2071122.40846154 2.60295353133353 1050000
2230806.76384615 2.60295353133353 1050000
2400120.55923077 2.46368754083754 1050000
2579636.7 2.46368754083754 1050000
2769974.38692308 2.4374452970003 1050000
2971775.96846154 2.4374452970003 1050000
3185741.66230769 2.45153276804277 1050000
3412606.40769231 2.45153276804277 1050000
3653139.86538462 2.47938373180873 1050000
3908163.77846154 2.47938373180873 1050000
4178563.54615385 2.5213891966142 1050000
4465253.50230769 2.5213891966142 1050000
4769223.21076923 2.5821854039204 1050000
5091514.31769231 2.5821854039204 1050000
5433226.33846154 2.6545778007128 1050000
5795528.23153846 2.6545778007128 1050000
6179664.18538461 2.72188708939709 1050000
6586953.61846154 2.72188708939709 1050000
7018785.39230769 2.77347784377784 1050000
7476640.95923077 2.77347784377784 1050000
7962094.36230769 2.81247813038313 1050000
8476794.87461538 2.81247813038313 1050000
9022519.08153846 2.84370293733294 1050000
9601130.37230769 2.84370293733294 1050000
10214607.8746154 2.85586888179388 1050000
10865058.0284615 2.85586888179388 1050000
11554708.7992308 2.82802908969409 1050000
12285921.2515385 2.82802908969409 1050000
13061195.3361538 2.7164018013068 1050000
13883193.0376923 2.7164018013068 1050000
14754732.5876923 2.7164018013068 1050000
15678788.4646154 2.7164018013068 1050000
0 14033953.6054219 1100000
35532.8653846154 14033953.6054219 1100000
73199.0027472528 14033953.6054219 1100000
113134.326923077 14033953.6054219 1100000
155468.843406593 26868909.6700579 1100000
200350.285714286 26868909.6700579 1100000
247932.296703297 23624167.4598417 1100000
298374.428571429 23624167.4598417 1100000
351848.052197802 13817813.6480297 1100000
408536.357142857 13817813.6480297 1100000
468634.351648352 581967.939564879 1100000
532342.953296703 581967.939564879 1100000
599886.717032967 12425.3836616053 1100000
671490.197802198 12425.3836616053 1100000
747395.678571429 614.349839704697 1100000
827869.07967033 614.349839704697 1100000
913182.230769231 70.4361236051593 1100000
1003624.68956044 70.4361236051593 1100000
1099503.74175824 16.9550163350163 1100000
1201150.31043956 16.9550163350163 1100000
1308907.13736264 7.05638018689804 1100000
1423140.60164835 7.05638018689804 1100000
1544246.62912088 4.17611279116636 1100000
1672632.96428571 4.17611279116636 1100000
1808742.80769231 3.07576618121261 1100000
1953031.17857143 3.07576618121261 1100000
2106000.37087912 2.61082199605414 1100000
2268164.49725275 2.61082199605414 1100000
2440079.03571429 2.42852225911154 1100000
2622334.92032967 2.42852225911154 1100000
2815546.72252747 2.38732799439942 1100000
3020376.28846154 2.38732799439942 1100000
3237520.92032967 2.42060511158725 1100000
3467725.19505495 2.42060511158725 1100000
3711769.1456044 2.49252110293182 1100000
3970491.89835165 2.49252110293182 1100000
4244768.03571429 2.58311197971912 1100000
4535531.23351648 2.58311197971912 1100000
4843786.07967033 2.68184816390174 1100000
5170572.61813187 2.68184816390174 1100000
5517007.71428571 2.78169092345878 1100000
5884273.23626374 2.78169092345878 1100000
6273627.87362637 2.87273811998812 1100000
6686389.40934066 2.87273811998812 1100000
7123970.17582418 2.93734158746659 1100000
7587859.32692308 2.93734158746659 1100000
8079646.47527472 2.956278856761 1100000
8601003.96428571 2.956278856761 1100000
9153710.50549451 2.9220891000891 1100000
9739651.17857143 2.9220891000891 1100000
10360823.3406593 2.84487979973694 1100000
11019348.4450549 2.84487979973694 1100000
11717466.1318681 2.74641740739955 1100000
12457563.7747253 2.74641740739955 1100000
13242164.6620879 2.611689003564 1100000
14073939.8159341 2.611689003564 1100000
14955731.6291209 2.611689003564 1100000
15890542.0467033 2.611689003564 1100000
0 10618235.324371 1150000
37157.2562087912 10618235.324371 1150000
76507.2757142857 10618235.324371 1150000
118176.079395604 10618235.324371 1150000
162302.29021978 32990430.6611163 1150000
209030.832197802 32990430.6611163 1150000
258512.930384615 16164259.3356597 1150000
310912.411923077 16164259.3356597 1150000
366405.706043956 21783143.5260664 1150000
425169.241978022 21783143.5260664 1150000
487398.352087912 601087.297126021 1150000
553300.970824176 601087.297126021 1150000
623085.032637362 12531.5848135773 1150000
696989.977197802 12531.5848135773 1150000
775248.943131868 633.167055728181 1150000
858120.273241758 633.167055728181 1150000
945881.213461538 73.5978963914464 1150000
1038815.31076923 73.5978963914464 1150000
1137231.31631868 17.4387716855828 1150000
1241450.58335165 17.4387716855828 1150000
1351819.66928571 7.08934348031312 1150000
1468691.43258242 7.08934348031312 1150000
1592462.83901099 4.14015080444652 1150000
1723524.5532967 4.14015080444652 1150000
1862317.64851648 3.06314669088633 1150000
2009295.79983516 3.06314669088633 1150000
2164944.18763736 2.64557480493445 1150000
2329766.89543956 2.64557480493445 1150000
2504312.11406593 2.50921437492045 1150000
2689153.23851648 2.50921437492045 1150000
2884888.86796703 2.49615004826255 1150000
3092168.00994505 2.49615004826255 1150000
3311671.1771978 2.53129235712164 1150000
3544116.68873626 2.53129235712164 1150000
3790273.27192308 2.57884212705248 1150000
4050941.15934066 2.57884212705248 1150000
4326983.59401099 2.62145324090967 1150000
4619301.62521978 2.62145324090967 1150000
4928859.31269231 2.65273950549451 1150000
5256677.42554945 2.65273950549451 1150000
5603820.84021978 2.67408763704442 1150000
5971436.3467033 2.67408763704442 1150000
6360727.4443956 2.69238256003649 1150000
6772979.54626373 2.69238256003649 1150000
7209541.07571428 2.71820710891425 1150000
7671848.67076923 2.71820710891425 1150000
8161414.58197802 2.76555008782723 1150000
8679851.87659341 2.76555008782723 1150000
9228861.83648351 2.8535700763715 1150000
9810246.56021978 2.8535700763715 1150000
10425915.2641209 3.00973378739022 1150000
11077890.5832967 3.00973378739022 1150000
11768314.8726923 3.26195800829479 1150000
12499450.2070879 3.26195800829479 1150000
13273703.5852747 3.66213512039119 1150000
14093608.0269231 3.66213512039119 1150000
14961872.9809341 3.66213512039119 1150000
15881333.9170879 3.66213512039119 1150000
0 11136022.9531129 1200000
37806.8153296703 11136022.9531129 1200000
77838.6958241758 11136022.9531129 1200000
120224.257967033 11136022.9531129 1200000
165104.97989011 30056870.0456587 1200000
212615.908901099 30056870.0456587 1200000
262930.677252747 35206812.8268916 1200000
316197.193901099 35206812.8268916 1200000
372595.521923077 16728932.3678491 1200000
432312.15521978 16728932.3678491 1200000
495533.587692308 1182110.06552686 1200000
562478.467362637 1182110.06552686 1200000
633359.011428571 17316.5352938036 1200000
708400.298736264 17316.5352938036 1200000
787859.562252747 744.202385324791 1200000
871987.604120879 744.202385324791 1200000
961067.380604396 82.0872607845051 1200000
1055381.84796703 82.0872607845051 1200000
1155239.68576923 19.1998090686919 1200000
1260968.86604396 19.1998090686919 1200000
1372910.22247253 7.65849085748229 1200000
1491436.74285714 7.65849085748229 1200000
1616934.27664835 4.37919262824049 1200000
1749807.96576923 4.37919262824049 1200000
1890495.10626374 3.17064461305104 1200000
2039445.85582418 3.17064461305104 1200000
2197161.81873626 2.67157292990793 1200000
2364151.03010989 2.67157292990793 1200000
2540953.67917582 2.47364507308329 1200000
2728154.97093407 2.47364507308329 1200000
2926359.40285714 2.42095700782808 1200000
3136216.48818681 2.42095700782808 1200000
3358414.32510989 2.44420977555263 1200000
3593679.59675824 2.44420977555263 1200000
3842771.14038462 2.50782279307565 1200000
4106505.67065934 2.50782279307565 1200000
4385751.34884615 2.59169663116806 1200000
4681408.49032967 2.59169663116806 1200000
4994454.58038461 2.68475736094022 1200000
5325905.68923077 2.68475736094022 1200000
5676835.76450549 2.77749530803174 1200000
6048408.78538461 2.77749530803174 1200000
6441820.88516484 2.85542249596928 1200000
6858364.65950549 2.85542249596928 1200000
7299397.01230769 2.90432407208622 1200000
7766364.87901099 2.90432407208622 1200000
8260779.5032967 2.91989212906784 1200000
8784267.88368132 2.91989212906784 1200000
9338527.75774725 2.91156185296364 1200000
9925379.04873626 2.91156185296364 1200000
10546731.7114286 2.90419992490135 1200000
11204617.8862637 2.90419992490135 1200000
11901179.0376923 2.93369729602444 1200000
12638698.1082967 2.93369729602444 1200000
13419573.7954945 3.08139520185413 1200000
14246365.5673077 3.08139520185413 1200000
15121761.5082418 3.08139520185413 1200000
16048629.7658791 3.08139520185413 1200000
0 10500764.9822571 1250000
38795.2942857143 10500764.9822571 1250000
79870.3257142857 10500764.9822571 1250000
123344.382857143 10500764.9822571 1250000
169363.262857143 40538445.6721506 1250000
218072.762857143 40538445.6721506 1250000
269638.561428571 21035797.3530627 1250000
324226.337142857 21035797.3530627 1250000
382008.395714286 16939363.6604606 1250000
443170.297142857 16939363.6604606 1250000
507910.855714286 843659.112493376 1250000
576448.767142857 843659.112493376 1250000
648996.1 19571.723711594 1250000
725784.804285714 19571.723711594 1250000
807073.338571428 989.313191174848 1250000
893126.788571428 989.313191174848 1250000
984210.24 104.308030143409 1250000
1080628.54142857 104.308030143409 1250000
1182693.16857143 21.7318599117485 1250000
1290728.85142857 21.7318599117485 1250000
1405093.45571429 7.95585941257584 1250000
1526158.10142857 7.95585941257584 1250000
1654300.53571429 4.36042971318257 1250000
1789951.52285714 4.36042971318257 1250000
1933541.82714286 3.13187512961942 1250000
2085535.34857143 3.13187512961942 1250000
2246435.75 2.67098165195808 1250000
2416746.69428571 2.67098165195808 1250000
2597038.11571429 2.50949941809156 1250000
2787879.94857143 2.50949941809156 1250000
2989888.51714286 2.47706735797022 1250000
3203733.16285714 2.47706735797022 1250000
3430089.85428571 2.5064928957529 1250000
3669700.83142857 2.5064928957529 1250000
3923341.47 2.56503692222835 1250000
4191833.53571429 2.56503692222835 1250000
4476038.55714286 2.6327284528406 1250000
4776890.96142857 2.6327284528406 1250000
5095351.68428571 2.70169935466078 1250000
5432454.56 2.70169935466078 1250000
5789293.06714286 2.77017130170987 1250000
6167026.95571428 2.77017130170987 1250000
6566868.99285714 2.83605891891892 1250000
6990124.72571428 2.83605891891892 1250000
7438159.34571429 2.89590790402648 1250000
7912417.57 2.89590790402648 1250000
8414450.15 2.94260495311638 1250000
8945867.48142857 2.94260495311638 1250000
9508399.24857143 2.96614538334253 1250000
10103867.9157143 2.96614538334253 1250000
10734188.7271429 2.95519396580254 1250000
11401422.7242857 2.95519396580254 1250000
12107710.4742857 2.90046246552675 1250000
12855351.5957143 2.90046246552675 1250000
13646764.9957143 2.78418041643684 1250000
14484508.7514286 2.78418041643684 1250000
15371299.9914286 2.78418041643684 1250000
16310008.2685714 2.78418041643684 1250000
0 12983656.2686398 1300000
40021.4758241758 12983656.2686398 1300000
82359.3293956044 12983656.2686398 1300000
127144.937362637 12983656.2686398 1300000
174523.505494506 22247250.2139096 1300000
224647.154120879 22247250.2139096 1300000
277668.003571429 28822737.4666784 1300000
333758.917857143 28822737.4666784 1300000
393099.675549451 34535393.5451922 1300000
455870.05521978 34535393.5451922 1300000
522277.493681319 4638433.92880366 1300000
592522.513186813 4638433.92880366 1300000
666840.208791209 44841.1544864955 1300000
745451.846428572 44841.1544864955 1300000
828620.179395605 1371.98975213204 1300000
916601.046428572 1371.98975213204 1300000
1009671.02994506 119.10559952586 1300000
1108127.45604396 119.10559952586 1300000
1212288.39450549 23.1655528326403 1300000
1322471.91510989 23.1655528326403 1300000
1439037.575 8.30390653931011 1300000
1562344.93131868 8.30390653931011 1300000
1692795.02857143 4.51855845867453 1300000
1830788.91126374 4.51855845867453 1300000
1976776.02582418 3.20624696953626 1300000
2131205.81868132 3.20624696953626 1300000
2294576.13818681 2.6940355541177 1300000
2467405.57637363 2.6940355541177 1300000
2650233.46895604 2.5103591995842 1300000
2843647.55357143 2.5103591995842 1300000
3048249.39697802 2.47764184893292 1300000
3264702.79697802 2.47764184893292 1300000
3493678.46593407 2.51823485722771 1300000
3735909.34725275 2.51823485722771 1300000
3992156.04258242 2.5927065419619 1300000
4263234.47005494 2.5927065419619 1300000
4550002.03516484 2.67297150706436 1300000
4853371.45989011 2.67297150706436 1300000
5174296.95357143 2.73820597978277 1300000
5513801.87115385 2.73820597978277 1300000
5872951.05494506 2.78218952543595 1300000
6252885.40741758 2.78218952543595 1300000
6654814.97664835 2.81083556154271 1300000
7080005.1271978 2.81083556154271 1300000
7529804.19835165 2.83213988289703 1300000
8005643.50412088 2.83213988289703 1300000
8509016.58956044 2.85412498143748 1300000
9041520.71813187 2.85412498143748 1300000
9604856.8717033 2.88367872045908 1300000
10200788.2631868 2.88367872045908 1300000
10831216.3967033 2.91737051688659 1300000
11498125.7510989 2.91737051688659 1300000
12203646.010989 2.93057225486868 1300000
12949989.8357143 2.93057225486868 1300000
13739535.8340659 2.86426989636811 1300000
14574780.1623626 2.86426989636811 1300000
15458364.1826923 2.86426989636811 1300000
16393095.2065934 2.86426989636811 1300000
0 9662172.97845057 1350000
41949.5192307692 9662172.97845057 1350000
86263.1269230769 9662172.97845057 1350000
133067.603846154 9662172.97845057 1350000
182504.646153846 39212616.2981646 1350000
234723.407692308 39212616.2981646 1350000
289873.042307692 36118214.3973739 1350000
348132.534615385 36118214.3973739 1350000
409665.953846154 33164063.0017257 1350000
474667.2 33164063.0017257 1350000
543315.257692308 2354282.46919335 1350000
615833.857692308 2354282.46919335 1350000
692424.357692308 33024.4682724013 1350000
773332.861538461 33024.4682724013 1350000
858783.1 1250.54729537422 1350000
949043.55 1250.54729537422 1350000
1044382.68846154 113.96281018711 1350000
1145083.90769231 113.96281018711 1350000
1251445.51538462 22.6946647089397 1350000
1363795.65 22.6946647089397 1350000
1482462.45 8.28866351351351 1350000
1607811.34230769 8.28866351351351 1350000
1740200.29615385 4.57479033264033 1350000
1880046.94230769 4.57479033264033 1350000
2027753.99615385 3.28276673596674 1350000
2183768.91923077 3.28276673596674 1350000
2348569.00384615 2.76691902286902 1350000
2522631.54230769 2.76691902286902 1350000
2706486.03076923 2.55817562370062 1350000
2900684.33846154 2.55817562370062 1350000
3105808.16538462 2.48716917879418 1350000
3322469.04230769 2.48716917879418 1350000
3551315.78846154 2.48774506237006 1350000
3793041.96923077 2.48774506237006 1350000
4048363.52307692 2.53064838877339 1350000
4318041.13461538 2.53064838877339 1350000
4602895.15 2.60024391891892 1350000
4903775.74615385 2.60024391891892 1350000
5221577.84615385 2.68593539501039 1350000
5557256.03461538 2.68593539501039 1350000
5911817.1 2.77630592515593 1350000
6286320.03461538 2.77630592515593 1350000
6681898.40769231 2.86165187110187 1350000
7099723.07692308 2.86165187110187 1350000
7541054.39230769 2.93984246361746 1350000
8007204.90769231 2.93984246361746 1350000
8499584.12692307 3.01210145530146 1350000
9019661.21538461 3.01210145530146 1350000
9568994.83076923 3.06753024948025 1350000
10149225.6653846 3.06753024948025 1350000
10762098.8192308 3.07615410602911 1350000
11409448.8846154 3.07615410602911 1350000
12093207.4038462 3.02056694386694 1350000
12815432.7 3.02056694386694 1350000
13578287.5038462 2.92364573804574 1350000
14384053.8692308 2.92364573804574 1350000
15235148.0884615 2.92364573804574 1350000
16134113.2346154 2.92364573804574 1350000
0 9098967.44038581 1400000
42713.7953846154 9098967.44038581 1400000
87817.4930769231 9098967.44038581 1400000
135455.705 9098967.44038581 1400000
185773.043076923 31921019.1313529 1400000
238906.508076923 31921019.1313529 1400000
295023.545384615 22918855.6259454 1400000
354291.600384615 22918855.6259454 1400000
416885.729615385 116106591.954458 1400000
482988.600769231 116106591.954458 1400000
552805.715 1737696.77427963 1400000
626534.962307692 1737696.77427963 1400000
704412.288461538 28100.0307391372 1400000
786650.805769231 28100.0307391372 1400000
873501.682307692 1165.73219871102 1400000
965231.308461538 1165.73219871102 1400000
1062113.68576923 114.782092032225 1400000
1164422.81576923 114.782092032225 1400000
1272478.36692308 23.8112009407484 1400000
1386600.00769231 23.8112009407484 1400000
1507122.62884615 8.71055416320166 1400000
1634403.95461538 8.71055416320166 1400000
1768832.15384615 4.72252994802495 1400000
1910803.00653846 4.72252994802495 1400000
2060742.73730769 3.32382614864865 1400000
2219100.40423077 3.32382614864865 1400000
2386340.28769231 2.76768295738046 1400000
2562964.72384615 2.76768295738046 1400000
2749498.88230769 2.55396822245322 1400000
2946505.98846154 2.55396822245322 1400000
3154564.49 2.49944121101871 1400000
3374298.50153846 2.49944121101871 1400000
3606362.58230769 2.52608024948025 1400000
3851449.34730769 2.52608024948025 1400000
4110289.46730769 2.59578548856549 1400000
4383659.28 2.59578548856549 1400000
4672365.56769231 2.68775114864865 1400000
4977276.00192308 2.68775114864865 1400000
5299296.31 2.78490356029106 1400000
5639385.49730769 2.78490356029106 1400000
5998555.84730769 2.86690713097713 1400000
6377888.14384615 2.86690713097713 1400000
6778501.22653846 2.91464581600832 1400000
7201605.26884615 2.91464581600832 1400000
7648440.88884615 2.91921544698545 1400000
8120362.87192308 2.91921544698545 1400000
8618756.44807692 2.88677253638254 1400000
9145121.01461538 2.88677253638254 1400000
9701032.08038462 2.83139331081081 1400000
10288126.0434615 2.83139331081081 1400000
10908176.3026923 2.76218764553015 1400000
11563017.1461538 2.76218764553015 1400000
12254604.6403846 2.68218237006237 1400000
12985001.4080769 2.68218237006237 1400000
13756391.8503846 2.56332788461538 1400000
14571066.9246154 2.56332788461538 1400000
15431454.5888462 2.56332788461538 1400000
16340127.4130769 2.56332788461538 1400000
0 8800404.12010667 1450000
43912.4347252747 8800404.12010667 1450000
90265.7657142857 8800404.12010667 1450000
139202.181098901 8800404.12010667 1450000
190848.07032967 58468596.2158349 1450000
245377.218901099 58468596.2158349 1450000
302931.814945055 21832350.7706294 1450000
363685.643956044 21832350.7706294 1450000
427812.491428571 31990598.4267668 1450000
495509.840879121 31990598.4267668 1450000
566967.276483517 995771.100014294 1450000
642398.08043956 995771.100014294 1450000
722023.434285714 21080.3464001697 1450000
806080.318241758 21080.3464001697 1450000
894805.712527473 1006.97320845348 1450000
988460.295384615 1006.97320845348 1450000
1087320.54373626 109.11147282023 1450000
1191678.73318681 109.11147282023 1450000
1301842.93802198 24.2415362645848 1450000
1418129.13186813 24.2415362645848 1450000
1540876.98637363 9.13455049344478 1450000
1670449.87120879 9.13455049344478 1450000
1807219.05538462 4.93661517162374 1450000
1951603.20395604 4.93661517162374 1450000
2104005.1832967 3.4185845424074 1450000
2264883.15516483 3.4185845424074 1450000
2434703.18065934 2.80441843098986 1450000
2613970.81758242 2.80441843098986 1450000
2803191.62373626 2.56458651873223 1450000
3002942.25098901 2.56458651873223 1450000
3213791.45186813 2.49841810344096 1450000
3436363.27428571 2.49841810344096 1450000
3671313.36351648 2.51891369001655 1450000
3919313.16351648 2.51891369001655 1450000
4181113.11164835 2.58607333531334 1450000
4457455.74593407 2.58607333531334 1450000
4749162.5978022 2.67738849335992 1450000
5057094.69538462 2.67738849335992 1450000
5382136.76483516 2.77631324791039 1450000
5725244.62637363 2.77631324791039 1450000
6087437.29494505 2.87244730875302 1450000
6469757.48351648 2.87244730875302 1450000
6873334.7978022 2.95754059230345 1450000
7299346.23956044 2.95754059230345 1450000
7749032.00527472 3.01757863125292 1450000
8223727.08351648 3.01757863125292 1450000
8724805.95956044 3.03967543552972 1450000
9253745.81010989 3.03967543552972 1450000
9812087.00659341 3.02581346514489 1450000
10401464.7125275 3.02581346514489 1450000
11023608.8835165 2.98759773600916 1450000
11680336.3679121 2.98759773600916 1450000
12373574.6048352 2.94087267851839 1450000
13105353.7248352 2.94087267851839 1450000
13877814.4492308 2.97776168441597 1450000
14693208.0901099 2.97776168441597 1450000
15553936.047033 2.97776168441597 1450000
16462510.3103297 2.97776168441597 1450000
0 8940817.14881725 1500000
44440.7228571428 8940817.14881725 1500000
91367.1942857143 8940817.14881725 1500000
140906.888571429 8940817.14881725 1500000
193203.214285714 49270563.3601432 1500000
248423.481428571 49270563.3601432 1500000
306727.032857143 52984172.8454475 1500000
368281.178571429 52984172.8454475 1500000
433269.162857143 37275019.9150906 1500000
501874.23 37275019.9150906 1500000
574319.46 1143045.79756359 1500000
650796.064285714 1143045.79756359 1500000
731543.057142857 25353.2825677248 1500000
816791.485714286 25353.2825677248 1500000
906796.298571429 1237.75902624655 1500000
1001820.41142857 1237.75902624655 1500000
1102150.64142857 130.775128370105 1500000
1208073.80571429 130.775128370105 1500000
1319900.62285714 27.8624982046332 1500000
1437973.68 27.8624982046332 1500000
1562627.59714286 10.1011989795918 1500000
1694236.83 10.1011989795918 1500000
1833191.76857143 5.24081118036404 1500000
1979890.77 5.24081118036404 1500000
2134779.99428571 3.49045450358522 1500000
2298305.60142857 3.49045450358522 1500000
2470953.58714286 2.78909984280199 1500000
2653233.84857143 2.78909984280199 1500000
2845680.18428571 2.52898339492554 1500000
3048858.26142857 2.52898339492554 1500000
3263373.58285714 2.47773528681743 1500000
3489855.55285714 2.47773528681743 1500000
3728973.41142857 2.52381551847766 1500000
3981428.26714286 2.52381551847766 1500000
4247961.06428571 2.60674763099835 1500000
4529368.51714286 2.60674763099835 1500000
4826471.24142857 2.69604730557088 1500000
5140145.62285714 2.69604730557088 1500000
5471315.85 2.77994839492554 1500000
5820961.88142857 2.77994839492554 1500000
6190111.47857143 2.8568666988417 1500000
6579856.14 2.8568666988417 1500000
6991343.13428571 2.92837103695532 1500000
7425775.5 2.92837103695532 1500000
7884443.91428571 2.99453831218974 1500000
8368702.79142857 2.99453831218974 1500000
8879970.28285714 3.05472253998897 1500000
9419760.14571428 3.05472253998897 1500000
9989665.80857143 3.11155380033094 1500000
10591352.4042857 3.11155380033094 1500000
11226604.5728571 3.16830815774959 1500000
11897294.5928571 3.16830815774959 1500000
12605398.3157143 3.21303489795918 1500000
13353003.1328571 3.21303489795918 1500000
14142307.9757143 3.18341189189189 1500000
14975647.2171429 3.18341189189189 1500000
15855466.77 3.18341189189189 1500000
16784363.9228571 3.18341189189189 1500000
0 2850.98040895413 150000
17963.7862637363 2850.98040895413 150000
37209.8021978022 2850.98040895413 150000
57831.0723076923 2850.98040895413 150000
79928.1636263736 496.932690554754 150000
103601.643186813 496.932690554754 150000
128967.163076923 633.201350271331 150000
156145.403736264 633.201350271331 150000
185264.588131868 194.085981715177 150000
216465.51010989 194.085981715177 150000
249893.991868132 51.9427851622894 150000
285713.454835165 51.9427851622894 150000
324089.834615385 18.7276588883703 150000
365209.18021978 18.7276588883703 150000
409265.083186813 9.02991486083415 150000
456471.248461538 9.02991486083415 150000
507048.923516483 5.54185021914379 150000
561239.469230769 5.54185021914379 150000
619301.845714286 4.04054749862107 150000
681512.612307692 4.04054749862107 150000
748170.955934066 3.29990915906487 150000
819588.634395604 3.29990915906487 150000
896110.08978022 2.85991382897026 150000
978099.877582417 2.85991382897026 150000
1065947.69505494 2.55784385485171 150000
1160070.89538462 2.55784385485171 150000
1260919.51604396 2.34551733824091 150000
1368973.76461538 2.34551733824091 150000
1484746.53296703 2.19419113390471 150000
1608793.45395604 2.19419113390471 150000
1741702.84472527 2.08785799885443 150000
1884108.27758242 2.08785799885443 150000
2036688.58 2.0277119239255 150000
2200170.34879121 2.0277119239255 150000
2375330.46428571 2.01488380287666 150000
2563008.66120879 2.01488380287666 150000
2764094.9578022 2.0426756383385 150000
2979547.25505495 2.0426756383385 150000
3210396.36505494 2.10075407060121 150000
3457735.95428571 2.10075407060121 150000
3722750.19956044 2.17685399868471 150000
4006698.70296703 2.17685399868471 150000
4310934.0910989 2.25773959735245 150000
4636907.04340659 2.25773959735245 150000
4986168.80637363 2.33843105116891 150000
5360386.27857143 2.33843105116891 150000
5761342.01065934 2.4279172667487 150000
6190941.74791209 2.4279172667487 150000
6651239.57197802 2.53538614917901 150000
7144422.81582418 2.53538614917901 150000
7672844.74802198 2.64159794369723 150000
8239019.5443956 2.64159794369723 150000
8845647.42978022 2.68308669841741 150000
9495619.70637362 2.68308669841741 150000
10192028.8104396 2.56377498005855 150000
10938195.9682418 2.56377498005855 150000
11737676.2243956 2.56377498005855 150000
12594278.5552747 2.56377498005855 150000
0 272221.016151655 200000
18925.5876923077 272221.016151655 200000
39189.5920879121 272221.016151655 200000
60880.5257142857 272221.016151655 200000
84102.9942857143 824.903036985871 200000
108964.285714286 824.903036985871 200000
135579.734505495 938.210608708049 200000
164075.403956044 938.210608708049 200000
194577.357362637 349.58564860622 200000
227235.797802198 349.58564860622 200000
262195.563956044 96.435335897153 200000
299625.634285714 96.435335897153 200000
339694.987252747 29.8392071840129 200000
382591.376703297 29.8392071840129 200000
428515.967472527 12.2763209588867 200000
477680.653186813 12.2763209588867 200000
530313.420659341 6.6848291552463 200000
586661.032087912 6.6848291552463 200000
646983.660659341 4.42345161865162 200000
711565.619340659 4.42345161865162 200000
780701.94989011 3.37769997708855 200000
854719.88043956 3.37769997708855 200000
933957.367912088 2.85486299121728 200000
1018787.2378022 2.85486299121728 200000
1109603.77318681 2.55649696465696 200000
1206830.76131868 2.55649696465696 200000
1310916.12923077 2.35209588697017 200000
1422345.35472527 2.35209588697017 200000
1541638.78417582 2.20849474479189 200000
1669348.95032967 2.20849474479189 200000
1806071.3010989 2.12015309092452 200000
1952441.51736264 2.12015309092452 200000
2109140.87736264 2.07301268785269 200000
2276896.2567033 2.07301268785269 200000
2456490.85714286 2.04978423352709 200000
2648756.16 2.04978423352709 200000
2854590.70153846 2.04853633841062 200000
3074946.66197802 2.04853633841062 200000
3310854.00527472 2.08025669311384 200000
3563407.06813187 2.08025669311384 200000
3833783.33538461 2.15394981882982 200000
4123238.0756044 2.15394981882982 200000
4433115.06989011 2.26746167253596 200000
4764860.02285714 2.26746167253596 200000
5120015.19824176 2.41190164877593 200000
5500230.14769231 2.41190164877593 200000
5907275.12175824 2.58308593321736 200000
6343043.75208791 2.58308593321736 200000
6809558.41582418 2.78803069964784 200000
7308997.05758242 2.78803069964784 200000
7843674.41406593 3.0309404743519 200000
8416082.24703297 3.0309404743519 200000
9028881.2967033 3.27945283210998 200000
9684922.73934066 3.27945283210998 200000
10387256.2338462 3.61939810259239 200000
11139148.6971429 3.61939810259239 200000
11944097.7151648 3.61939810259239 200000
12805847.636044 3.61939810259239 200000
0 4670064.9971918 250000
19666.9102747253 4670064.9971918 250000
40716.0162637363 4670064.9971918 250000
63245.2468131868 4670064.9971918 250000
87360.9246703297 15511461.6908723 250000
113166.574615385 15511461.6908723 250000
140790.903131868 252393.416341818 250000
170354.222802198 252393.416341818 250000
201996.431978022 3022.51041775287 250000
235860.226978022 3022.51041775287 250000
272107.88989011 244.997404238194 250000
310901.702802198 244.997404238194 250000
352423.533571429 49.3134127487377 250000
396863.643956044 49.3134127487377 250000
444426.285549451 15.9306142088124 250000
495332.497747253 15.9306142088124 250000
549817.30978022 7.44883641944928 250000
608132.538681319 7.44883641944928 250000
670546.789285714 4.5553820096313 250000
737348.252197802 4.5553820096313 250000
808844.703791209 3.35716613146506 250000
885366.304175824 3.35716613146506 250000
967268.395164835 2.80699290731469 250000
1054925.90434066 2.80699290731469 250000
1148744.53692308 2.52405794369723 250000
1249160.77576923 2.52405794369723 250000
1356633.48747253 2.36144636545887 250000
1471660.71016483 2.36144636545887 250000
1594771.25961538 2.25673325947219 250000
1726538.71906593 2.25673325947219 250000
1867567.4493956 2.17843879587594 250000
2018509.37692308 2.17843879587594 250000
2180061.19543956 2.11620833605584 250000
2352967.16417582 2.11620833605584 250000
2538030.29967033 2.07877607439857 250000
2736098.38593407 2.07877607439857 250000
2948089.15615385 2.08042352602995 250000
3174984.69675824 2.08042352602995 250000
3417825.85148352 2.1320616820824 250000
3677737.40307692 2.1320616820824 250000
3955919.6793956 2.24339700347915 250000
4253654.14934066 2.24339700347915 250000
4572317.41269231 2.41498044125758 250000
4913378.40214286 2.41498044125758 250000
5278415.1710989 2.61712005568756 250000
5669112.09571429 2.61712005568756 250000
6087268.26879121 2.7881417394671 250000
6534819.88351648 2.7881417394671 250000
7013831.83956044 2.87336630287666 250000
7526511.73291209 2.87336630287666 250000
8075229.44164835 2.87418192647121 250000
8662517.12593407 2.87418192647121 250000
9291086.01582417 2.85450433206755 250000
9963837.60313187 2.85450433206755 250000
10683880.4292308 2.97877079840044 250000
11454532.883022 2.97877079840044 250000
12279356.7765385 2.97877079840044 250000
13162160.1429121 2.97877079840044 250000
0 5515116.69520062 300000
20371.095 5515116.69520062 300000
42166.2115384615 5515116.69520062 300000
65481.6461538462 5515116.69520062 300000
90425.3676923077 88293.0098969305 300000
117111.181153846 88293.0098969305 300000
145658.727692308 11307.4050967872 300000
176199.320769231 11307.4050967872 300000
208870.11 2150.31469435848 300000
243825.753461538 2150.31469435848 300000
281217.991153846 270.206425083903 300000
321224.825769231 270.206425083903 300000
364021.341923077 52.3483283264033 300000
409805.968846154 52.3483283264033 300000
458788.808076923 17.9461449101574 300000
511188.715384615 17.9461449101574 300000
567247.891153846 8.60402867463617 300000
627223.126153846 8.60402867463617 300000
691382.883461538 5.15010156816157 300000
760021.888846154 5.15010156816157 300000
833452.376538462 3.63752935179685 300000
912009.925384615 3.63752935179685 300000
996053.458846154 2.91603201588952 300000
1085962.32692308 2.91603201588952 300000
1182147.97846154 2.54151543287793 300000
1285048.125 2.54151543287793 300000
1395132.57692308 2.3340841038016 300000
1512903.24346154 2.3340841038016 300000
1638897.05076923 2.22031853727354 300000
1773683.02384615 2.22031853727354 300000
1917882.71307692 2.16529757722008 300000
2072146.84961538 2.16529757722008 300000
2237181.60807692 2.14799191639442 300000
2413736.93423077 2.14799191639442 300000
2602618.21730769 2.15425057172557 300000
2804686.29 2.15425057172557 300000
3020863.26461538 2.17850215696466 300000
3252129.615 2.17850215696466 300000
3499541.685 2.22380558286308 300000
3764225.85230769 2.22380558286308 300000
4047390.20076923 2.30348936293436 300000
4350321.60230769 2.30348936293436 300000
4674403.22538462 2.42821743465993 300000
5021105.78076923 2.42821743465993 300000
5392016.70230769 2.58459368428868 300000
5788819.72038462 2.58459368428868 300000
6213326.96076923 2.74577518414018 300000
6667470.19038462 2.74577518414018 300000
7153315.40769231 2.90085576254826 300000
7673083.26923077 2.90085576254826 300000
8229134.49923077 3.03589287050787 300000
8824004.90653846 3.03589287050787 300000
9460405.38461538 3.11245013959014 300000
10141236.5019231 3.11245013959014 300000
10869597.2561538 3.0916686998812 300000
11648805.5007692 3.0916686998812 300000
12482415.4534615 3.0916686998812 300000
13374220.6142308 3.0916686998812 300000
0 7295335.80638672 350000
21460.9752197802 7295335.80638672 350000
44385.9841758242 7295335.80638672 350000
68878.7030769231 7295335.80638672 350000
95045.9498351648 11234182.0600517 350000
122997.684065934 11234182.0600517 350000
152859.573901099 2955354.87725081 350000
184763.570879121 2955354.87725081 350000
218844.768241758 21975.4985674713 350000
255253.967747253 21975.4985674713 350000
294151.396263736 724.95881333351 350000
335703.564065934 724.95881333351 350000
380095.831648352 85.5031473727142 350000
427519.842912088 85.5031473727142 350000
478182.950274725 22.3295045547117 350000
532308.21467033 22.3295045547117 350000
590131.263846154 9.39059360929611 350000
651903.434065934 9.39059360929611 350000
717894.911813187 5.41927443007764 350000
788391.592087912 5.41927443007764 350000
863707.64521978 3.78170100958887 350000
944166.666648351 3.78170100958887 350000
1030120.52714286 2.98939740252026 350000
1121949.3728022 2.98939740252026 350000
1220049.05824176 2.57599655617548 350000
1324846.85510989 2.57599655617548 350000
1436807.73549451 2.34618520556663 350000
1556415.5217033 2.34618520556663 350000
1684191.73648352 2.21505245078281 350000
1820695.60302198 2.21505245078281 350000
1966527.18664835 2.14076147842505 350000
2122317.96972527 2.14076147842505 350000
2288752.84357143 2.10139921125207 350000
2466554.39994505 2.10139921125207 350000
2656501.78126374 2.0919619712334 350000
2859424.3971978 2.0919619712334 350000
3076208.20807692 2.12081954707455 350000
3307798.86659341 2.12081954707455 350000
3555211.14291209 2.19466170467563 350000
3819522.64126374 2.19466170467563 350000
4101889.50846154 2.30531880245237 350000
4403546.4339011 2.30531880245237 350000
4725806.64956044 2.43246681000467 350000
5070080.78021978 2.43246681000467 350000
5437870.56005494 2.55934188966439 350000
5830787.68285714 2.55934188966439 350000
6250541.23521978 2.68736933153719 350000
6698965.97186813 2.68736933153719 350000
7178025.45736264 2.82716299811193 350000
7689805.78269231 2.82716299811193 350000
8236546.98230769 2.96211674339174 350000
8820636.75071429 2.96211674339174 350000
9444623.00928571 3.03047001782002 350000
10111232.7564835 3.03047001782002 350000
10823375.2095604 2.94327865374008 350000
11584166.9381868 2.94327865374008 350000
12396925.581044 2.94327865374008 350000
13265204.4045604 2.94327865374008 350000
0 6674098.85698869 400000
22469.6238461538 6674098.85698869 400000
46458.9484615385 6674098.85698869 400000
72071.0607692308 6674098.85698869 400000
99412.3730769231 10681641.3458712 400000
128599.273846154 10681641.3458712 400000
159761.453076923 767893.362335114 400000
193025.275384615 767893.362335114 400000
228540.383076923 13355.2431277725 400000
266456.418461538 13355.2431277725 400000
306933 1007.61669069498 400000
350143.047692308 1007.61669069498 400000
396272.783076923 132.044693290763 400000
445521.729230769 132.044693290763 400000
498099.385384615 28.0335058806059 400000
554228.552307692 28.0335058806059 400000
614148.657692308 10.1609052821503 400000
678122.406923077 10.1609052821503 400000
746415.830769231 5.55163332046332 400000
819324.888461538 5.55163332046332 400000
897158.840769231 3.86073944015444 400000
980253.551538461 3.86073944015444 400000
1068964.83692308 3.05568821948322 400000
1163668.46538462 3.05568821948322 400000
1264773.45923077 2.62530127858628 400000
1372708.79307692 2.62530127858628 400000
1487940.02076923 2.39563147163647 400000
1610955.97384615 2.39563147163647 400000
1742285.38846154 2.26914488268488 400000
1882490.25461538 2.26914488268488 400000
2032165.81615385 2.19351485149985 400000
2191957.19769231 2.19351485149985 400000
2362546.10307692 2.1535652984853 400000
2544664.11692308 2.1535652984853 400000
2739086.05384615 2.14789031779032 400000
2946646.58538461 2.14789031779032 400000
3168233.58923077 2.17657978467478 400000
3404794.8 2.17657978467478 400000
3657337.80923077 2.23747027324027 400000
3926950.01769231 2.23747027324027 400000
4214778.68307692 2.32051501336501 400000
4522057.52307692 2.32051501336501 400000
4850100.06461538 2.41015916542917 400000
5200309.62 2.41015916542917 400000
5574182.61230769 2.49304983367983 400000
5973321.87692308 2.49304983367983 400000
6399433.33615385 2.56034714434214 400000
6854335.97538461 2.56034714434214 400000
7339978.47 2.60913015147015 400000
7858439.18538461 2.60913015147015 400000
8411932.82769231 2.64812317493317 400000
9002827.07076923 2.64812317493317 400000
9633652.53230769 2.69453732699733 400000
10307106.0992308 2.69453732699733 400000
11026064.2292308 2.7750463008613 400000
11793606.2284615 2.7750463008613 400000
12613014.2515385 2.7750463008613 400000
13487789.9284615 2.7750463008613 400000
0 8110909.75248687 450000
23194.5786813187 8110909.75248687 450000
47942.5969230769 8110909.75248687 450000
74357.9736263736 8110909.75248687 450000
102547.723516484 20245019.729132 450000
132629.217582418 20245019.729132 450000
164733.635164835 8140409.02132414 450000
198992.155604396 8140409.02132414 450000
235556.670769231 25415.9079849527 450000
274575.62043956 25415.9079849527 450000
316214.704835165 1190.86960600874 450000
360653.432527472 1190.86960600874 450000
408078.216263736 153.153153093895 450000
458685.825054945 153.153153093895 450000
512697.192527473 34.9060734863592 450000
570333.252307692 34.9060734863592 450000
631846.006813187 12.5788952034452 450000
697490.910549451 12.5788952034452 450000
767544.130549451 6.31875369553227 450000
842302.546373626 6.31875369553227 450000
922087.202197802 4.05403074716789 450000
1007229.49846154 4.05403074716789 450000
1098095.35648352 3.08536021765879 450000
1195064.50593407 3.08536021765879 450000
1298547.74527473 2.6158562688277 450000
1408983.48967033 2.6158562688277 450000
1526837.77098901 2.3721108723323 450000
1652611.14197802 2.3721108723323 450000
1786835.22417582 2.24219774152488 450000
1930079.61208791 2.24219774152488 450000
2082944.96901099 2.17795425219568 450000
2246080.28747253 2.17795425219568 450000
2420175.98505495 2.16009402902117 450000
2605970.80857143 2.16009402902117 450000
2804244.92989011 2.17762103907675 450000
3015840.65846154 2.17762103907675 450000
3241655.53714286 2.22032563239849 450000
3482638.89010989 2.22032563239849 450000
3739812.53538461 2.28384938139081 450000
4014267.33274725 2.28384938139081 450000
4307159.73164835 2.37278396283253 450000
4619729.03164835 2.37278396283253 450000
4953300.83450549 2.49217422334422 450000
5309283.59208791 2.49217422334422 450000
5689182.41472527 2.63584239170096 450000
6094602.5232967 2.63584239170096 450000
6527263.05758242 2.78766761720905 450000
6988990.17208791 2.78766761720905 450000
7481741.20065934 2.9292498714413 450000
8007597.75230769 2.9292498714413 450000
8568782.97164835 3.03222605371463 450000
9167671.89516483 3.03222605371463 450000
9806794.9032967 3.05098595231024 450000
10488861.8850549 3.05098595231024 450000
11216748.4296703 2.91342224829225 450000
11993544.1558242 2.91342224829225 450000
12822525.0949451 2.91342224829225 450000
13707202.0204396 2.91342224829225 450000
0 5642651.70154856 500000
24112.2807692308 5642651.70154856 500000
49833.2492307692 5642651.70154856 500000
77278.3269230769 5642651.70154856 500000
106555.721538462 25790855.0119358 500000
137788.068461538 25790855.0119358 500000
171112.430769231 7032918.74679719 500000
206662.264615385 7032918.74679719 500000
244585.453846154 207211.680719786 500000
285047.916923077 207211.680719786 500000
328215.572307692 5801.38051516038 500000
374265.159230769 5801.38051516038 500000
423395.058461538 406.15177971785 500000
475810.864615385 406.15177971785 500000
531728.993076923 58.7809182402732 500000
591383.893846154 58.7809182402732 500000
655028.051538461 15.6320982358182 500000
722924.771538461 15.6320982358182 500000
795362.607692308 6.70864713840214 500000
872644.541538461 6.70864713840214 500000
955087.982307692 4.05898612711613 500000
1043046.40846154 4.05898612711613 500000
1136880.51230769 3.04881788090288 500000
1236990.66230769 3.04881788090288 500000
1343791.65461538 2.60395475051975 500000
1457730.74769231 2.60395475051975 500000
1579287.66230769 2.39346502524502 500000
1708970.97461538 2.39346502524502 500000
1847321.72307692 2.28648285120285 500000
1994924.22923077 2.28648285120285 500000
2152391.67 2.23228848381348 500000
2320384.11230769 2.23228848381348 500000
2499608.51307692 2.2157230977131 500000
2690811.50538461 2.2157230977131 500000
2894797.43307692 2.23271323730324 500000
3112417.53 2.23271323730324 500000
3344584.34769231 2.28454708939709 500000
3592275.36230769 2.28454708939709 500000
3856518.54692308 2.3761128007128 500000
4138428.44076923 2.3761128007128 500000
4439184.50769231 2.50328121027621 500000
4760045.56384615 2.50328121027621 500000
5102353.38461538 2.64015628155628 500000
5467543.52538461 2.64015628155628 500000
5857145.32153846 2.7475075037125 500000
6272792.70923077 2.7475075037125 500000
6716224.22538461 2.79783034749035 500000
7189297.43538461 2.79783034749035 500000
7693996.14692307 2.79351318087318 500000
8232430.41 2.79351318087318 500000
8806861.76538461 2.76322338283338 500000
9419688.81692308 2.76322338283338 500000
10073483.3007692 2.74658836501336 500000
10770979.2646154 2.74658836501336 500000
11515105.53 2.8352573967924 500000
12308971.2646154 2.8352573967924 500000
13155905.6584615 2.8352573967924 500000
14059454.3169231 2.8352573967924 500000
0 109157.293979631 50000
16477.7626373626 109157.293979631 50000
34148.1147252747 109157.293979631 50000
53097.5417582418 109157.293979631 50000
73419.357032967 196.341743100471 50000
95211.4257142857 196.341743100471 50000
118582.992637363 163.996717367305 50000
143645.578571429 163.996717367305 50000
170522.083956044 62.4539067032967 50000
199346.788901099 62.4539067032967 50000
230256.249450549 23.0614555286605 50000
263402.953186813 23.0614555286605 50000
298950.767362637 11.3611948417413 50000
337072.662967033 11.3611948417413 50000
377952.990659341 6.76338623382409 50000
421794.308571429 6.76338623382409 50000
468810.554505495 4.86733544062116 50000
519227.045934066 4.86733544062116 50000
573296.411538461 3.87864859264288 50000
631280.383736264 3.87864859264288 50000
693461.178351648 3.22909349526921 50000
760146.046483516 3.22909349526921 50000
831655.894835165 2.77650335589121 50000
908345.769120879 2.77650335589121 50000
990584.370659341 2.45651932856719 50000
1078779.09164835 2.45651932856719 50000
1173360.08362637 2.24183899189614 50000
1274787.08527473 2.24183899189614 50000
1383556.25021978 2.10706678815393 50000
1500202.42296703 2.10706678815393 50000
1625292.3110989 2.02201363825364 50000
1759440.41681319 2.02201363825364 50000
1903297.65725275 1.97281304043447 50000
2057571.84791209 1.97281304043447 50000
2223016.32296703 1.9573604147397 50000
2400436.76307692 1.9573604147397 50000
2590702.57505494 1.96997031969961 50000
2794744.61593407 1.96997031969961 50000
3013557.4689011 2.00087557108914 50000
3248213.0989011 2.00087557108914 50000
3499856.30076923 2.04700497602783 50000
3769718.35483516 2.04700497602783 50000
4059119.30285714 2.11153956977386 50000
4369472.49989011 2.11153956977386 50000
4702293.71802198 2.19088091603377 50000
5059212.52604396 2.19088091603377 50000
5441970.01351648 2.28247188425474 50000
5852439.27417582 2.28247188425474 50000
6292627.68186813 2.41058324621325 50000
6764683.71835165 2.41058324621325 50000
7270915.18076923 2.62760542237685 50000
7813798.28538462 2.62760542237685 50000
8395984.49538461 2.9510692562264 50000
9020321.00428571 2.9510692562264 50000
9689857.56373626 3.27796017226017 50000
10407869.2428571 3.27796017226017 50000
11177863.256044 3.27796017226017 50000
12003603.9982418 3.27796017226017 50000
0 10624719.3757551 550000
25129.4865384615 10624719.3757551 550000
51916.4903846154 10624719.3757551 550000
80471.5126923077 10624719.3757551 550000
110908.865 20186547.6151819 550000
143350.479615385 20186547.6151819 550000
177937.340769231 17472797.9366191 550000
214802.811923077 17472797.9366191 550000
254095.498076923 590563.833753225 550000
295986.866538461 590563.833753225 550000
340636.953461538 8379.76945952406 550000
388232.467692308 8379.76945952406 550000
438963.928461538 421.079667590585 550000
493044.717307692 421.079667590585 550000
550692.026153846 52.1961270084645 550000
612138.288461538 52.1961270084645 550000
677642.610384615 14.1428383323433 550000
747460.287692308 14.1428383323433 550000
821888.530384615 6.7743709971785 550000
901220.738076923 6.7743709971785 550000
985788.414230769 4.37682256311256 550000
1075930.68307692 4.37682256311256 550000
1172020.96230769 3.30405217478467 550000
1274444.10076923 3.30405217478467 550000
1383626.86153846 2.75092114939115 550000
1500007.43884615 2.75092114939115 550000
1624065.94115385 2.45401274354024 550000
1756301.52884615 2.45401274354024 550000
1897262.89730769 2.3014061040986 550000
2047517.79384615 2.3014061040986 550000
2207683.50076923 2.23182612711613 550000
2378411.59384615 2.23182612711613 550000
2560403.18384615 2.21489271903772 550000
2754393.675 2.21489271903772 550000
2961175.62730769 2.23498918770419 550000
3181598.75653846 2.23498918770419 550000
3416558.50307692 2.28295736931987 550000
3667015.08384615 2.28295736931987 550000
3933985.87153846 2.35487653994654 550000
4218568.25692308 2.35487653994654 550000
4521916.78653846 2.44764984258984 550000
4845269.83538461 2.44764984258984 550000
5189949.60692308 2.55447301900802 550000
5557362.13307692 2.55447301900802 550000
5949004.895 2.65896435773686 550000
6366478.25423077 2.65896435773686 550000
6811481.64230769 2.7355986954262 550000
7285836.42307692 2.7355986954262 550000
7791474.46153846 2.75708543956044 550000
8330457.17576923 2.75708543956044 550000
8904990.77846154 2.71093417879418 550000
9517411.03538461 2.71093417879418 550000
10170225.1796154 2.6181240963766 550000
10866089.0492308 2.6181240963766 550000
11607849.0015385 2.48882847787348 550000
12398526.6715385 2.48882847787348 550000
13241353.2653846 2.48882847787348 550000
14139761.9396154 2.48882847787348 550000
0 7823285.03541221 600000
25881.3815384615 7823285.03541221 600000
53459.5147252747 7823285.03541221 600000
82844.8857142857 7823285.03541221 600000
114159.818461538 13471957.0516089 600000
147526.636923077 13471957.0516089 600000
183083.448791209 9488241.89638053 600000
220972.307692308 9488241.89638053 600000
261347.105054945 349037.470625809 600000
304365.678241758 349037.470625809 600000
350209.54021978 9457.28902399423 600000
399060.203956044 9457.28902399423 600000
451114.966153846 534.380025287454 600000
506582.961318681 534.380025287454 600000
565689.107692308 68.5987458856973 600000
628670.161318681 68.5987458856973 600000
695782.607912088 17.6832921642836 600000
767298.716923077 17.6832921642836 600000
843506.541538462 7.52657214306929 600000
924709.918681319 7.52657214306929 600000
1011240.30681319 4.45446441427299 600000
1103444.94813187 4.45446441427299 600000
1201698.70637363 3.24507371123085 600000
1306396.17494505 3.24507371123085 600000
1417959.56879121 2.70766491493063 600000
1536838.7243956 2.70766491493063 600000
1663518.99164835 2.45403581314438 600000
1798505.45010989 2.45403581314438 600000
1942346.58461538 2.33214606220035 600000
2095622.44747253 2.33214606220035 600000
2258948.6043956 2.2830199448428 600000
2432987.97230769 2.2830199448428 600000
2618442.92747253 2.27940918664347 600000
2816059.25142857 2.27940918664347 600000
3026641.91472528 2.30607852093852 600000
3251031.40131868 2.30607852093852 600000
3490139.22197802 2.35307170096313 600000
3744928.18461538 2.35307170096313 600000
4016432.12395604 2.41077527345242 600000
4305740.1178022 2.41077527345242 600000
4614024.10857143 2.47564703890704 600000
4942527.06549451 2.47564703890704 600000
5292578.76835165 2.55350686919258 600000
5665587.9156044 2.55350686919258 600000
6063061.85406593 2.64512414527557 600000
6486602.63296703 2.64512414527557 600000
6937922.78769231 2.73084537315966 600000
7418849.28571429 2.73084537315966 600000
7931311.68879121 2.78291189698333 600000
8477389.50417583 2.78291189698333 600000
9059284.56307692 2.79832998684713 600000
9679340.75032967 2.79832998684713 600000
10340067.68 2.85083071577072 600000
11044128.8575824 2.85083071577072 600000
11794369.3015385 3.44249229666087 600000
12593815.5432967 3.44249229666087 600000
13445695.3569231 3.44249229666087 600000
14353449.5969231 3.44249229666087 600000
0 8143943.2516063 650000
27040.0659340659 8143943.2516063 650000
55826.9494505494 8143943.2516063 650000
86469.5648351648 8143943.2516063 650000
119089.393406593 20295802.2982661 650000
153816.294505495 20295802.2982661 650000
190788.505494505 11838872.6509759 650000
230144.263736264 11838872.6509759 650000
272038.562637363 1335867.69350496 650000
316638.962637363 1335867.69350496 650000
364117.213186813 21391.0389057321 650000
414661.81978022 21391.0389057321 650000
468469.665934066 965.11964174127 650000
525746.013186813 965.11964174127 650000
586725.446153846 104.350714065085 650000
651638.36043956 104.350714065085 650000
720740.285714286 22.5634283932284 650000
794303.507692308 22.5634283932284 650000
872617.068131868 8.31104632356061 650000
955982.575824176 8.31104632356061 650000
1044735.15164835 4.57201436632865 650000
1139209.91648352 4.57201436632865 650000
1239788.07032967 3.26819682633968 650000
1346855.0021978 3.26819682633968 650000
1460833.8021978 2.71686475455047 650000
1582172.69450549 2.71686475455047 650000
1711340.84835165 2.46110865119437 650000
1848849.32307692 2.46110865119437 650000
1995230.12307692 2.34091314862743 650000
2151061.33186813 2.34091314862743 650000
2316954.54505494 2.29176100810386 650000
2493554.87032967 2.29176100810386 650000
2681553.49450549 2.28484671390386 650000
2881687.68351648 2.28484671390386 650000
3094740.78241758 2.30461916924774 650000
3321546.4043956 2.30461916924774 650000
3562988.43076923 2.34239305019305 650000
3820021.95604396 2.34239305019305 650000
4093643.96483517 2.39381760787475 650000
4384926.84395604 2.39381760787475 650000
4695014.19340659 2.45535078280793 650000
5025116.63736264 2.45535078280793 650000
5376528.58021978 2.52473633162205 650000
5750624.01758242 2.52473633162205 650000
6148864.91428571 2.60422241079384 650000
6572817.96043956 2.60422241079384 650000
7024129.43736264 2.69887950273665 650000
7504579.67472527 2.69887950273665 650000
8016041.16043956 2.81555720650006 650000
8560516.24175824 2.81555720650006 650000
9140137.12527473 2.96767167890025 650000
9757170.06593407 2.96767167890025 650000
10414036.3120879 3.17615988798846 650000
11113303.7274725 3.17615988798846 650000
11857703.5472527 3.55504703636132 650000
12650159.7010989 3.55504703636132 650000
13493767.8681319 3.55504703636132 650000
14391828.989011 3.55504703636132 650000
0 8526556.09327303 700000
27924.7153846154 8526556.09327303 700000
57647.9423076923 8526556.09327303 700000
89278.2865384615 8526556.09327303 700000
122946.075 24556748.1785963 700000
158772.946153846 24556748.1785963 700000
196906.603846154 18783568.9563281 700000
237490.407692308 18783568.9563281 700000
280685.094230769 9070491.18066886 700000
326651.4 9070491.18066886 700000
375576.126923077 75706.7785756051 700000
427646.076923077 75706.7785756051 700000
483061.084615385 1931.33604199584 700000
542042.705769231 1931.33604199584 700000
604812.496153846 136.751595897683 700000
671618.076923077 136.751595897683 700000
742715.757692308 24.8111850645976 700000
818387.913461538 24.8111850645976 700000
898921.263461539 8.89523182729433 700000
984632.936538461 8.89523182729433 700000
1075857.43846154 4.81225873552124 700000
1172942.30769231 4.81225873552124 700000
1276269.83653846 3.34578732179982 700000
1386235.35 3.34578732179982 700000
1503273.27115385 2.73021485372735 700000
1627835.4 2.73021485372735 700000
1760403.94615385 2.46221439337689 700000
1901495.87307692 2.46221439337689 700000
2051654.20961538 2.35238418844669 700000
2211469.77115385 2.35238418844669 700000
2381555.09423077 2.31930765147015 700000
2562574.84615385 2.31930765147015 700000
2755232.79230769 2.32911152361152 700000
2960271.79615385 2.32911152361152 700000
3178495.54038462 2.36611296406296 700000
3410746.80576923 2.36611296406296 700000
3657924.84807692 2.41768183471933 700000
3920994.08653846 2.41768183471933 700000
4200975.41538461 2.47417360781111 700000
4498950.54807692 2.47417360781111 700000
4816083.73846154 2.5337684028809 700000
5153604.40384615 2.5337684028809 700000
5512820.15769231 2.60274774279774 700000
5895129.84230769 2.60274774279774 700000
6302014.84038462 2.68562358924859 700000
6735052.10769231 2.68562358924859 700000
7195931.55 2.77254175081675 700000
7686434.30192308 2.77254175081675 700000
8208467.48076923 2.83811615310365 700000
8764059.84230769 2.83811615310365 700000
9355370.46923077 2.85147592070092 700000
9984688.77115385 2.85147592070092 700000
10654460.55 2.79350811553312 700000
11367292.3442308 2.79350811553312 700000
12125942.7403846 2.62108073210573 700000
12933365.8153846 2.62108073210573 700000
13792689.4153846 2.62108073210573 700000
14707254.2538462 2.62108073210573 700000
0 11765757.5720995 750000
28833 11765757.5720995 750000
59503.7076923077 11765757.5720995 750000
92125.2824175824 11765757.5720995 750000
126824.462637363 16398939.2554798 750000
163737.03956044 16398939.2554798 750000
202998.804395604 16804370.7124134 750000
244759.127472527 16804370.7124134 750000
289185.484615385 3873814.29688821 750000
336436.298901099 3873814.29688821 750000
386701.678021978 51743.7064574462 750000
440167.203296703 51743.7064574462 750000
497036.561538461 1817.82258148415 750000
557531.545054945 1817.82258148415 750000
621878.472527472 151.326937682973 750000
690321.768131868 151.326937682973 750000
763128.487912088 27.9856069328355 750000
840570.214285714 27.9856069328355 750000
922945.687912088 9.61510111587254 750000
1010567.22857143 9.61510111587254 750000
1103774.31428571 5.03390419194705 750000
1202915.47582418 5.03390419194705 750000
1308370.92857143 3.45158708260851 750000
1420543.51978022 3.45158708260851 750000
1539863.25494505 2.79345410496839 750000
1666782.77142857 2.79345410496839 750000
1801790.91758242 2.4994932262718 750000
1945394.64725275 2.4994932262718 750000
2098146.17802198 2.36863908523908 750000
2260624.88571429 2.36863908523908 750000
2433459.93626374 2.31781787093216 750000
2617298.6010989 2.31781787093216 750000
2812851.52087912 2.315930425559 750000
3020861.02087912 2.315930425559 750000
3242114.69010989 2.35263949043235 750000
3477468.01318681 2.35263949043235 750000
3727812.68571428 2.41880493656922 750000
3994099.24615384 2.41880493656922 750000
4277350.65494505 2.4996767279053 750000
4578648.71538461 2.4996767279053 750000
4899134.07362637 2.58006791972506 750000
5240037.9032967 2.58006791972506 750000
5602654.74725274 2.65106557554415 750000
5988369.67582417 2.65106557554415 750000
6398653.76043956 2.71236385930672 750000
6835073.12637362 2.71236385930672 750000
7299288.95274725 2.7712154546226 750000
7793080.1043956 2.7712154546226 750000
8318320.5 2.83706632653061 750000
8877019.84945055 2.83706632653061 750000
9471310.07472527 2.8952625588697 750000
10103454.3626374 2.8952625588697 750000
10775860.743956 2.88934681573253 750000
11491104.7252747 2.88934681573253 750000
12251906.6571429 2.71959032839747 750000
13061172.4714286 2.71959032839747 750000
13921984.6285714 2.71959032839747 750000
14837633.8021978 2.71959032839747 750000
0 8224479.70140884 800000
29901.4082967033 8224479.70140884 800000
61687.9776373626 8224479.70140884 800000
95473.6724175824 8224479.70140884 800000
131391.451098901 34103818.8160881 800000
169569.523626374 34103818.8160881 800000
210150.345494505 14520813.9523265 800000
253285.869230769 14520813.9523265 800000
299137.544395604 6219380.59008734 800000
347876.317582418 6219380.59008734 800000
399687.380934066 89982.6584901215 800000
454760.67510989 89982.6584901215 800000
513300.386318681 2816.4362465548 800000
575524.946318681 2816.4362465548 800000
641671.780934066 193.910712465527 800000
711983.064505494 193.910712465527 800000
786719.96543956 31.3253857194832 800000
866162.646208791 31.3253857194832 800000
950610.263351648 10.1561600562179 800000
1040376.21895604 10.1561600562179 800000
1135792.90917582 5.22975754497433 800000
1237221.22126374 5.22975754497433 800000
1345036.28802198 3.55153281588103 800000
1459636.98483516 3.55153281588103 800000
1581455.4267033 2.84165710265603 800000
1710947.47120879 2.84165710265603 800000
1848592.71851648 2.51752043404472 800000
1994908.75692308 2.51752043404472 800000
2150436.91730769 2.37398323115109 800000
2315756.51868132 2.37398323115109 800000
2491489.6167033 2.3233446113539 800000
2678286.75813187 2.3233446113539 800000
2876845.97489011 2.32446298782299 800000
3087912.78406593 2.32446298782299 800000
3312270.69087912 2.35905932220289 800000
3550755.43423077 2.35905932220289 800000
3804259.73521978 2.42104671305528 800000
4073728.54862637 2.42104671305528 800000
4360163.81142857 2.51166270811235 800000
4664633.93983516 2.51166270811235 800000
4988283.32631868 2.62874389059782 800000
5332313.34554945 2.62874389059782 800000
5698006.09697802 2.75325035947643 800000
6086724.40483517 2.75325035947643 800000
6499926.06368132 2.85596682124825 800000
6939144.84434066 2.85596682124825 800000
7406023.73351648 2.91164730217659 800000
7902305.43675824 2.91164730217659 800000
8429837.12697802 2.8994184971785 800000
8990589.43851648 2.8994184971785 800000
9586651.71862637 2.80634574069753 800000
10220251.0215385 2.80634574069753 800000
10893752.1084615 2.64331028575671 800000
11609662.1960989 2.64331028575671 800000
12370659.4477473 2.4035743724808 800000
13179573.9792308 2.4035743724808 800000
14039430.5955494 2.4035743724808 800000
14953434.5453297 2.4035743724808 800000
0 9397965.40463592 850000
30857.3676923077 9397965.40463592 850000
63637.1434615385 9397965.40463592 850000
98467.8173076923 9397965.40463592 850000
135472.937307692 26189226.8695139 850000
174785.935384615 26189226.8695139 850000
216555.069230769 30257163.4601428 850000
260928.596538462 30257163.4601428 850000
308079.484615385 17771516.7368382 850000
358170.816923077 17771516.7368382 850000
411390.386538461 277402.581271183 850000
467930.928461539 277402.581271183 850000
528000.003461538 4829.99049409192 850000
591824.94 4829.99049409192 850000
659633.066538462 265.690664144639 850000
731671.479230769 265.690664144639 850000
808211.983846154 38.1575707373032 850000
889531.328076923 38.1575707373032 850000
975926.027307692 11.4416109065934 850000
1067712.36461538 11.4416109065934 850000
1165236.27461538 5.58640518042768 850000
1268843.69192308 5.58640518042768 850000
1378925.02846154 3.6396214018414 850000
1495875.63807692 3.6396214018414 850000
1620125.46807692 2.83102547445797 850000
1752139.05923077 2.83102547445797 850000
1892390.83615385 2.47990088580339 850000
2041404.64269231 2.47990088580339 850000
2199719.14846154 2.350848002673 850000
2367917.50038462 2.350848002673 850000
2546617.43884615 2.33541164835165 850000
2736476.23961538 2.33541164835165 850000
2938190.71384615 2.37643533412533 850000
3152497.20807692 2.37643533412533 850000
3380181.48807692 2.44119551529552 850000
3622088.62269231 2.44119551529552 850000
3879093.33230769 2.5090754046629 850000
4152149.40807692 2.5090754046629 850000
4442250.17653846 2.56992402509652 850000
4750468.035 2.56992402509652 850000
5077924.8 2.62344562444312 850000
5425831.24269231 2.62344562444312 850000
5795457.43730769 2.67084229209979 850000
6188167.35461538 2.67084229209979 850000
6605389.21038461 2.70972893005643 850000
7048664.88461538 2.70972893005643 850000
7519620.27 2.74384537199287 850000
8019975.15576923 2.74384537199287 850000
8551572.87923077 2.79130882239382 850000
9116360.55807692 2.79130882239382 850000
9716413.8 2.87825995544996 850000
10353931.7607692 2.87825995544996 850000
11031251.97 3.02106054351054 850000
11750865.1569231 3.02106054351054 850000
12515410.3084615 3.28163727130977 850000
13327684.5530769 3.28163727130977 850000
14190682.6961538 3.28163727130977 850000
15107557.6846154 3.28163727130977 850000
0 10605655.8113084 900000
31994.1935164835 10605655.8113084 900000
65957.5002747253 10605655.8113084 900000
102014.613461538 10605655.8113084 900000
140290.226263736 31495228.7901982 900000
180924.618516483 31495228.7901982 900000
224063.265604396 24323528.9032096 900000
269851.642912088 24323528.9032096 900000
318466.399120879 9952007.60663209 900000
370073.791813187 9952007.60663209 900000
424855.66521978 303106.159995922 900000
483014.645769231 303106.159995922 900000
544753.35989011 6327.66434981268 900000
610290.020659341 6327.66434981268 900000
679868.818901099 348.581910040095 900000
753728.74989011 348.581910040095 900000
832139.982197802 46.3018340016547 900000
915377.879945055 46.3018340016547 900000
1003743.785 12.6495982292418 900000
1097549.43032967 12.6495982292418 900000
1197127.3310989 5.80561528024099 900000
1302841.17576923 5.80561528024099 900000
1415065.0439011 3.69777685614578 900000
1534204.18835165 3.69777685614578 900000
1660674.25307692 2.8691669589291 900000
1794932.44642857 2.8691669589291 900000
1937461.95450549 2.50951056472485 900000
2088766.7456044 2.50951056472485 900000
2249387.15686813 2.36412545027366 900000
2419899.89428571 2.36412545027366 900000
2600912.83714286 2.33337341433663 900000
2793075.42912088 2.33337341433663 900000
2997068.2871978 2.36843835811871 900000
3213623.98384615 2.36843835811871 900000
3443511.46038462 2.43726434331113 900000
3687562.00472527 2.43726434331113 900000
3946638.07807692 2.51764490952098 900000
4221669.68379121 2.51764490952098 900000
4513633.58516483 2.59595929197251 900000
4823579.28318681 2.59595929197251 900000
5152613.42989011 2.66472509705545 900000
5501910.21945055 2.66472509705545 900000
5872716.58373626 2.72290923289066 900000
6266352.19230769 2.72290923289066 900000
6684235.43016483 2.77119374071874 900000
7127847.0289011 2.77119374071874 900000
7598776.82664835 2.80118349526921 900000
8098708.18142857 2.80118349526921 900000
8629423.16670329 2.79345035120285 900000
9192823.35357143 2.79345035120285 900000
9790919.41967033 2.73265841062413 900000
10425841.5402747 2.73265841062413 900000
11099865.366044 2.62220784971785 900000
11815396.4363736 2.62220784971785 900000
12574985.766044 2.44255016292588 900000
13381355.822967 2.44255016292588 900000
14237384.9415385 2.44255016292588 900000
15146122.9092857 2.44255016292588 900000
0 12947879.0477218 950000
32463.2817582418 12947879.0477218 950000
66937.1451648352 12947879.0477218 950000
103542.33010989 12947879.0477218 950000
142415.325164835 20768319.4825229 950000
183687.369340659 20768319.4825229 950000
227510.69989011 20438251.2060532 950000
274048.053186813 20438251.2060532 950000
323462.165604396 16865883.999332 950000
375931.522197802 16865883.999332 950000
431645.107142857 412139.619628596 950000
490807.653296703 412139.619628596 950000
553623.893516484 7770.1547513626 950000
620330.058021978 7770.1547513626 950000
691157.127472527 392.03977813802 950000
766367.57989011 392.03977813802 950000
846229.142857143 49.9316096266282 950000
931030.542197802 49.9316096266282 950000
1021071.00285714 13.4354392021299 950000
1116686.4967033 13.4354392021299 950000
1218212.9956044 6.11522106347321 950000
1326017.96879121 6.11522106347321 950000
1440489.88373626 3.85582241143027 950000
1562038.20615385 3.85582241143027 950000
1691109.14868132 2.94973611841826 950000
1828159.42307692 2.94973611841826 950000
1973687.73758242 2.54979663350163 950000
2128213.79868132 2.54979663350163 950000
2292294.05978022 2.38864120857907 950000
2466526.97076923 2.38864120857907 950000
2651531.97978022 2.35276583414655 950000
2847981.03054945 2.35276583414655 950000
3056577.56417582 2.38173975942976 950000
3278072.2678022 2.38173975942976 950000
3513268.32417582 2.44042741291527 950000
3763010.91252747 2.44042741291527 950000
4028192.45813187 2.51001955874242 950000
4309778.88010989 2.51001955874242 950000
4608783.34362637 2.58691852518138 950000
4926271.50945055 2.58691852518138 950000
5263398.28087912 2.68118765878909 950000
5621376.30637363 2.68118765878909 950000
6001491.72824176 2.80152217743646 950000
6405114.68175824 2.80152217743646 950000
6833699.29516484 2.93345031991175 950000
7288788.93923077 2.93345031991175 950000
7772026.72637363 3.0353201684416 950000
8285145.01153846 3.0353201684416 950000
8830002.13912088 3.06529738809453 950000
9408550.9456044 3.06529738809453 950000
10022880.756044 3.01560898107684 950000
10675201.6353846 3.01560898107684 950000
11367865.3867033 2.90338189167975 950000
12103370.8007692 2.90338189167975 950000
12884358.4064835 2.67845140141712 950000
13713647.2178022 2.67845140141712 950000
14594224.2346154 2.67845140141712 950000
15529254.9418681 2.67845140141712 950000
0 3379384.74173672 hpsmc
17147.4065934066 3379384.74173672 hpsmc
35723.7637362637 3379384.74173672 hpsmc
55850.378021978 3379384.74173672 hpsmc
77654.7241758242 22494772.0052483 hpsmc
101276.613186813 22494772.0052483 hpsmc
126870.248351648 4806711.31256804 hpsmc
154596.001098901 4806711.31256804 hpsmc
184636.859340659 3912.68523569519 hpsmc
217181.979120879 3912.68523569519 hpsmc
252441.076923077 830.36196955747 hpsmc
290640.317582418 830.36196955747 hpsmc
332024.37032967 120.116977487377 hpsmc
376860.520879121 120.116977487377 hpsmc
425436.615384615 32.8954450613093 hpsmc
478063.116483516 32.8954450613093 hpsmc
535079.271428571 17.8435560863847 hpsmc
596851.056043956 17.8435560863847 hpsmc
663773.230769231 8.72205599728457 hpsmc
736275.508791209 8.72205599728457 hpsmc
814826.668131868 3.87253894522466 hpsmc
899926.327472527 3.87253894522466 hpsmc
992123.45054945 2.16575652552081 hpsmc
1092010.17802198 2.16575652552081 hpsmc
1200227.9956044 1.60312287538716 hpsmc
1317469.79010989 1.60312287538716 hpsmc
1444488.07362637 1.48420970766685 hpsmc
1582101.15164835 1.48420970766685 hpsmc
1731191.06703297 1.6278271564343 hpsmc
1892713.88021978 1.6278271564343 hpsmc
2067705.83736264 2.00555577241292 hpsmc
2257291.59450549 2.00555577241292 hpsmc
2462690.38571429 2.61113216301073 hpsmc
2685218.07912088 2.61113216301073 hpsmc
2926303.62527472 3.39124207645636 hpsmc
3187493.16923077 3.39124207645636 hpsmc
3470466.4989011 4.21866878526879 hpsmc
3777039.1010989 4.21866878526879 hpsmc
4109178.60989011 4.94127694429123 hpsmc
4469019.1989011 4.94127694429123 hpsmc
4858867.74945055 5.52640403283975 hpsmc
5281228.52307692 5.52640403283975 hpsmc
5738811.38571429 6.09490812507955 hpsmc
6234556.48021978 6.09490812507955 hpsmc
6771646.56263736 6.85850617972761 hpsmc
7353525.5065934 6.85850617972761 hpsmc
7983933.25604396 7.96844047265476 hpsmc
8666914.04945055 7.96844047265476 hpsmc
9406855.48461538 9.29315197505198 hpsmc
10208502.910989 9.29315197505198 hpsmc
11077006.7186813 10.4919923076923 hpsmc
12017938.7868132 10.4919923076923 hpsmc
13037343.8846154 11.3863277674063 hpsmc
14141762.2879121 11.3863277674063 hpsmc
15338287.3483516 12.6206487504773 hpsmc
16634598.3901099 12.6206487504773 hpsmc
18039016.2230769 12.6206487504773 hpsmc
19560558.656044 12.6206487504773 hpsmc
